epoch,train_loss,val_loss,val_top1,val_macro_f1,lr,time_sec
1,1.6631849204621665,1.2800211479445247,0.5715509854327335,0.23454954228566413,0.0001,43.162617206573486
2,0.980878456700139,0.7909139774588645,0.7255069980005713,0.5914649372068466,9.797464868072488e-05,41.508914947509766
3,0.711296145145486,0.6481816194221586,0.7752070836903742,0.6806654196845927,9.206267664155907e-05,42.25157356262207
4,0.5784634342644273,0.5819106424784395,0.7992002285061411,0.7279736961638412,8.274303669726426e-05,41.67452549934387
5,0.50460894551219,0.5133058106991196,0.8217652099400171,0.753275749168378,7.077075065009433e-05,41.74815392494202
6,0.46711349650854017,0.48148167809225156,0.839188803199086,0.7796430878853826,5.7115741913664264e-05,41.97304606437683
7,0.42208051463452784,0.46547866364745744,0.8426163953156242,0.783745002289831,4.288425808633575e-05,41.91832184791565
8,0.3984638226286667,0.43847004707048226,0.8517566409597258,0.7962710399792149,2.9229249349905684e-05,41.773895502090454
9,0.385712662393727,0.43567299430828643,0.8526135389888603,0.7984754639894265,1.725696330273575e-05,41.812408447265625
10,0.37990433659131934,0.4296274493844534,0.8523279063124821,0.7991222777229823,7.937323358440935e-06,41.957175493240356
11,0.36991234505321924,0.4338216956974063,0.8548986003998857,0.8000150155204734,2.0253513192751373e-06,42.007774114608765
12,0.3669871147267702,0.4173736030869537,0.856898029134533,0.8028575393003955,0.0,42.086551666259766
