epoch,train_loss,val_loss,val_top1,val_macro_f1,lr,time_sec
1,1.6639213184031045,1.2845608582669616,0.570694087403599,0.23021396763319193,0.0001,43.242002964019775
2,0.9798696651691343,0.7938394371831938,0.7223650385604113,0.5969909777113711,9.797464868072488e-05,41.63252282142639
3,0.7104884197072285,0.6435348878448877,0.7752070836903742,0.6678131842823912,9.206267664155907e-05,42.13667392730713
4,0.577265269145733,0.5615308749883456,0.8049128820337047,0.7301513311534465,8.274303669726426e-05,42.059858560562134
5,0.5016347228026972,0.5089543656906513,0.8269065981148244,0.7578652506228354,7.077075065009433e-05,41.98577523231506
6,0.46225109796335057,0.47868741837204337,0.8426163953156242,0.7824882223441649,5.7115741913664264e-05,42.14661192893982
7,0.41736485536505535,0.4785267545372648,0.8463296201085404,0.7843195059011275,4.288425808633575e-05,42.01420736312866
8,0.3908708046485738,0.4432376869505932,0.8560411311053985,0.8043964684616098,2.9229249349905684e-05,42.14620637893677
9,0.38492883142174744,0.43759594265647156,0.8594687232219366,0.8069980916062066,1.725696330273575e-05,41.95454430580139
10,0.3764368442863953,0.43444772517126107,0.860039988574693,0.8107523048062375,7.937323358440935e-06,42.06905555725098
11,0.3700433944965281,0.4363819063135434,0.8608968866038275,0.8073998715042429,2.0253513192751373e-06,42.11346888542175
12,0.36886653113292484,0.4210393206796044,0.8651813767495001,0.8142693288167783,0.0,42.15985298156738
