epoch,train_loss,val_loss,val_top1,val_macro_f1,lr,time_sec
1,1.1905259584508292,0.7811467078575847,0.6026849471579548,0.3282614626416664,0.0001,43.960755348205566
2,0.5545917075218224,0.42434578830941816,0.7312196515281348,0.6241644187088586,9.797464868072488e-05,41.70675563812256
3,0.3812217429825446,0.3570870541310658,0.7549271636675235,0.6525657527447176,9.206267664155907e-05,41.98040246963501
4,0.30227491968288656,0.29438113566978563,0.8043416166809483,0.7378497190067824,8.274303669726426e-05,41.64192605018616
5,0.26480648384951966,0.27554369666548467,0.8169094544415881,0.7496191569754606,7.077075065009433e-05,41.65764904022217
6,0.24222756479298924,0.25874297106752936,0.8283347614967153,0.7666982455479319,5.7115741913664264e-05,42.03987002372742
7,0.21658930436867038,0.2555343255558139,0.8369037417880606,0.7759064136087132,4.288425808633575e-05,41.65761160850525
8,0.20025797835664777,0.2325606431170417,0.8437589260211368,0.7902235754953421,2.9229249349905684e-05,41.84772086143494
9,0.19530531196150838,0.2318554605902416,0.8454727220794059,0.7923837567226699,1.725696330273575e-05,41.95601010322571
10,0.1955998492904189,0.22713259695019594,0.8457583547557841,0.7941693626298242,7.937323358440935e-06,41.71218156814575
11,0.19255844626303126,0.23225242496217804,0.8443301913738932,0.790737082152556,2.0253513192751373e-06,41.82769179344177
12,0.18779011493230738,0.22483972520257567,0.848900314195944,0.799116566587039,0.0,41.943172454833984
