epoch,train_loss,val_loss,val_top1,val_macro_f1,lr,time_sec
1,1.7394751324886228,1.444973335099949,0.5247072265067124,0.09270186531941703,0.0001,43.829225063323975
2,1.3647981384178487,0.9662951454030756,0.6789488717509283,0.5186002008761542,9.797464868072488e-05,41.57844138145447
3,1.1811836423670374,0.7887350125879399,0.736361039702942,0.6141434155423653,9.206267664155907e-05,42.002135276794434
4,1.0940164956377774,0.717279538465411,0.7763496143958869,0.6987541488670863,8.274303669726426e-05,41.80863618850708
5,1.0490836054086685,0.6290937561336432,0.7986289631533847,0.7217873101533558,7.077075065009433e-05,42.156962633132935
6,1.0108617820390842,0.5909748515616958,0.8160525564124536,0.7510135334437636,5.7115741913664264e-05,41.81140756607056
7,0.9590809628730868,0.5777112069350588,0.8229077406455299,0.7600756591701852,4.288425808633575e-05,42.540623903274536
8,0.9579808739263836,0.5422453376369046,0.8366181091116823,0.7814255681802781,2.9229249349905684e-05,42.09059476852417
9,0.9478540215186957,0.5419556920407874,0.8400457012282205,0.7861106156098665,1.725696330273575e-05,41.98866057395935
10,0.9236045347117796,0.5445425614088952,0.8337617823479005,0.7781964680009484,7.937323358440935e-06,41.75378704071045
11,0.9364833035847036,0.5462291347098602,0.8346186803770351,0.7760042506397462,2.0253513192751373e-06,42.15820527076721
12,0.9291599389256501,0.5293973404589601,0.8434732933447586,0.7913472916662629,0.0,42.114397048950195
